92521200
90612000
92621000
98900000
90733900
98390000
90731800
92531000
92111250
90732800
92521100
92521000
90491000
92331000
90733800
90712100
90721300
98310000
92521210
44131000
90712300
98312000
71800000
92360000
92111100
90712000
92111240
98514000
92512100
92312250
90712500
90513400
90721500
98363000
92350000
90922000
90492000
90924000
92000000
90732400
90522300
45232400
92111230
92140000
90510000
92312140
90522400
98110000
90919300
90523300
92110000
45259100
98393000
92300000
98340000
90642000
45232410
42320000
90913000
92111220
14630000
98350000
90732000
90523100
92312130
90731000
44613800
92700000
90732900
98321000
90610000
90732700
92111210
92312120
92214000
92312220
92532000
98511000
45232420
98200000
41110000
90513300
92200000
90711400
90712400
92342200
92111000
98513000
92500000
98512000
92342000
90913100
92312110
92111200
98513200
98513100
92312210
92342100
90721400
90913200
90910000
45232430
90513500
90430000
45232450
92120000
90732300
90732920
92521220
98391000
92312100
90732500
90521000
90521100
45232440
92312240
90640000
90523200
98370000
45232460
90732100
90524200
98320000
42996500
90732910
90733000
92400000
90733100
92312230
90720000
92231000
90513600
90918000
90711100
92230000
45222100
92341000
90630000
92111300
92534000
90740000
98380000
90714500
90715260
92331200
45222110
90711300
98321100
90533000
92331100
90715120
90714600
98131000
98000000
92224000
92111310
90731600
98330000
71314310
90742400
92331210
90711500
90513200
90715270
98311200
90532000
92220000
90912000
92111320
90715240
90731210
90524300
09331200
45262640
90742000
92311000
90641000
92312000
92352200
90732200
90731200
90524100
90715250
92610000
98331000
98395000
92121000
92351000
90721600
90731900
98312100
98133000
90481000
90711200
90715220
98332000
90741300
45231300
98360000
98132000
90731700
90721200
34144520
92226000
98336000
90731500
90670000
90715230
09331100
03416000
90715000
98341110
90911300
98333000
90410000
90400000
34144510
44613700
98341100
90715100
34928480
90524400
98130000
90715200
71314300
90480000
90919100
90523000
90731100
90919000
90524000
92111260
34144500
90715110
90731300
90620000
90715210
98314000
92340000
71313100
98133110
90511400
90733400
98322100
71313000
90731400
90611000
90733500
92216000
98342000
90521420
90743200
31121300
90919200
98341120
98315000
71313410
90741200
42996300
90742200
90513800
90730000
98133100
98113100
98313000
90911200
98341130
92622000
71313400
98311000
90721700
41000000
92217000
98322120
90512000
31121330
90722000
92522000
90721000
90513000
19620000
98341140
90514000
98513300
90921000
98341000
98322110
92112000
90916000
92100000
98394000
98510000
19640000
98371100
90500000
92232000
42122220
31121320
98500000
09331000
98513310
31121310
09332000
90900000
42996200
90742300
92221000
45252200
98371110
45252300
90521520
90440000
98322140
90920000
92213000
92310000
98322000
90742100
15832000
92320000
42996400
92211000
45252210
92351100
31121340
90513900
90721800
98371120
42996000
92351200
90917000
98322130
90531000
90513700
98311100
90521400
09330000
90521500
92533000
92332000
90714000
90721100
90513100
90923000
90710000
92620000
90521300
92510000
98100000
41100000
90521200
90660000
90521410
92210000
90715280
90713000
90714400
98371000
90521510
90711000
98396000
90733300
90733200
98111000
45252150
92370000
90680000
42996100
42996600
90743100
42996700
90743000
90915000
90911000
90741000
92130000
92312200
90470000
98351100
71313200
42996800
90733700
42996110
42996900
90733600
80540000
92522200
92512000
19610000
92600000
98300000
92522100
98362100
90714100
90713100
90714300
98120000
41120000
98362000
90732600
92352000
90600000
92530000
79723000
90700000
92352100
92520000
90722200
90522200
98334000
45232470
90522100
19600000
71313450
45252100
45252000
98361000
90522000
90490000
51135110
44616200
92511000
71313440
90741100
45252110
92122000
90000000
98351000
98316000
90650000
90450000
92225100
90520000
92225000
90911100
98113000
90460000
98351110
45252120
92222000
90511200
71313430
90511300
90714200
90690000
98371200
98112000
90530000
92330000
19630000
90511100
92215000
90914000
90511000
90712200
90420000
45252130
71313420
90722300
98392000
98910000
90722100
45252140
